2026-01-07 12:56:23.803 [info] [main] Log level: Info
2026-01-07 12:56:23.803 [info] [main] Validating found git in: "git"
2026-01-07 12:56:23.803 [info] [main] Using git "2.52.0" from "git"
2026-01-07 12:56:23.803 [info] [Model][doInitialScan] Initial repository scan started
2026-01-07 12:56:23.803 [info] > git rev-parse --show-toplevel [415ms]
2026-01-07 12:56:23.803 [info] > git rev-parse --git-dir --git-common-dir --show-superproject-working-tree [31ms]
2026-01-07 12:56:23.803 [info] [Model][openRepository] Opened repository (path): /home/admin/Documents/GitHub/DccpAdminV3
2026-01-07 12:56:23.803 [info] [Model][openRepository] Opened repository (real path): /home/admin/Documents/GitHub/DccpAdminV3
2026-01-07 12:56:23.803 [info] [Model][openRepository] Opened repository (kind): repository
2026-01-07 12:56:23.820 [info] > git config --get commit.template [17ms]
2026-01-07 12:56:23.843 [info] > git for-each-ref --format=%(refname)%00%(upstream:short)%00%(objectname)%00%(upstream:track)%00%(upstream:remotename)%00%(upstream:remoteref) refs/heads/main refs/remotes/main [20ms]
2026-01-07 12:56:23.869 [info] > git status -z -uall [11ms]
2026-01-07 12:56:23.870 [info] > git rev-parse --show-toplevel [2ms]
2026-01-07 12:56:23.875 [info] > git rev-parse --show-toplevel [2ms]
2026-01-07 12:56:23.918 [info] > git for-each-ref --sort -committerdate --format %(refname)%00%(objectname)%00%(*objectname) [56ms]
2026-01-07 12:56:23.929 [info] > git rev-parse --show-toplevel [51ms]
2026-01-07 12:56:23.950 [info] > git for-each-ref --format=%(refname)%00%(upstream:short)%00%(objectname)%00%(upstream:track)%00%(upstream:remotename)%00%(upstream:remoteref) refs/heads/main refs/remotes/main [23ms]
2026-01-07 12:56:23.956 [info] > git rev-parse --show-toplevel [7ms]
2026-01-07 12:56:23.956 [info] > git config --get commit.template [11ms]
2026-01-07 12:56:23.961 [info] > git config --get --local branch.main.vscode-merge-base [6ms]
2026-01-07 12:56:23.970 [info] > git rev-parse --show-toplevel [10ms]
2026-01-07 12:56:23.975 [info] > git for-each-ref --format=%(refname)%00%(upstream:short)%00%(objectname)%00%(upstream:track)%00%(upstream:remotename)%00%(upstream:remoteref) refs/heads/origin/main refs/remotes/origin/main [10ms]
2026-01-07 12:56:23.982 [info] > git merge-base refs/heads/main refs/remotes/origin/main [2ms]
2026-01-07 12:56:23.987 [info] > git rev-parse --show-toplevel [12ms]
2026-01-07 12:56:23.987 [info] > git for-each-ref --format=%(refname)%00%(upstream:short)%00%(objectname)%00%(upstream:track)%00%(upstream:remotename)%00%(upstream:remoteref) refs/heads/main refs/remotes/main [17ms]
2026-01-07 12:56:24.019 [info] > git diff --name-status -z --diff-filter=ADMR bb12f3b3a6f1e503b08599a45ad440df59f5f14e...refs/remotes/origin/main [33ms]
2026-01-07 12:56:24.043 [info] > git rev-parse --show-toplevel [45ms]
2026-01-07 12:56:24.085 [info] > git rev-parse --show-toplevel [19ms]
2026-01-07 12:56:24.092 [info] > git status -z -uall [14ms]
2026-01-07 12:56:24.093 [info] > git for-each-ref --sort -committerdate --format %(refname)%00%(objectname)%00%(*objectname) [8ms]
2026-01-07 12:56:24.095 [info] > git rev-parse --show-toplevel [3ms]
2026-01-07 12:56:24.110 [info] > git rev-parse --show-toplevel [3ms]
2026-01-07 12:56:24.122 [info] > git rev-parse --show-toplevel [6ms]
2026-01-07 12:56:24.131 [info] > git rev-parse --show-toplevel [1ms]
2026-01-07 12:56:24.136 [info] > git rev-parse --show-toplevel [2ms]
2026-01-07 12:56:24.141 [info] > git rev-parse --show-toplevel [1ms]
2026-01-07 12:56:24.145 [info] > git rev-parse --show-toplevel [1ms]
2026-01-07 12:56:24.151 [info] > git rev-parse --show-toplevel [1ms]
2026-01-07 12:56:24.156 [info] > git rev-parse --show-toplevel [2ms]
2026-01-07 12:56:24.161 [info] > git rev-parse --show-toplevel [1ms]
2026-01-07 12:56:24.166 [info] > git rev-parse --show-toplevel [1ms]
2026-01-07 12:56:24.171 [info] > git rev-parse --show-toplevel [1ms]
2026-01-07 12:56:24.175 [info] > git rev-parse --show-toplevel [1ms]
2026-01-07 12:56:24.180 [info] > git rev-parse --show-toplevel [1ms]
2026-01-07 12:56:24.185 [info] > git rev-parse --show-toplevel [1ms]
2026-01-07 12:56:24.189 [info] > git rev-parse --show-toplevel [1ms]
2026-01-07 12:56:24.194 [info] > git rev-parse --show-toplevel [2ms]
2026-01-07 12:56:24.197 [info] [Model][doInitialScan] Initial repository scan completed - repositories (1), closed repositories (0), parent repositories (0), unsafe repositories (0)
2026-01-07 12:56:24.351 [info] > git check-ignore -v -z --stdin [4ms]
